mask_dynamic_farmland={
	checksum="14bf3349ad86629b1016aef7e66829cb"
	allowed_provinces={ 11140 11155 11163 11164 11178 11188 11194 11198 11199 11206 11207 11208 11212 11213 11214 11215 11216 11217 11218 11224 11225 11233 11236 11237 11238 11239 11250 11251 11252 11255 11268 11269 11270 11271 11282 11293 11299 11303 11317 11323 11337 11344 11351 11355 11365 11368 11373 11380 11381 11400 11410 11413 11414 11419 11426 11427 11429 11436 11447 11455 11477 11478 11479 11486 11487 11492 11497 11530 11532 11541 11553 11554 11568 11569 11574 11594 11595 11596 11600 11601 11620 11651 11652 11653 11656 11662 11663 11678 11680 11691 11692 11693 11701 11708 11709 11722 11723 11732 11733 11745 11746 11750 11751 11767 11768 11786 11791 11794 11819 12060 12092 12098 12610 12611 12612 12614 12615 12617 12618 12619 12620 12621 12622 12623 12624 12625 12626 12627 12628 12629 12630 12631 12632 12633 12634 12635 12636 12637 12638 12639 12640 12641 12642 12643 12644 12645 12646 12647 12648 12649 12650 12722 12743 12745 12760 12761 12765 12767 12773 12777 12783 12784 12795 12803 12819 12820 12826 12827 12832 12840 12841 12842 12845 12846 12867 12868 12869 12870 12874 12877 12896 12898 12899 12900 12907 12916 12917 12918 12921 12923 12924 12925 12927 12929 12933 12935 12936 12939 12940 12942 12943 12944 12945 12949 12950 12951 12952 12956 12957 12961 12962 12963 12966 12967 12969 12972 12973 12977 12978 12979 12982 12983 12989 12990 12992 12993 12994 12997 13004 13005 13006 13007 13008 13013 13016 13017 13022 13025 13026 13028 13029 13035 13036 13043 13045 13047 13049 13050 13051 13055 13060 13061 13062 13065 13066 13071 13072 13073 13074 13079 13084 13085 13090 13091 13094 13095 13096 13102 13104 13105 13106 13119 13126 13140 13147 13148 13150 13151 13152 13153 13157 13160 13161 13164 13165 13166 13170 13171 13174 13177 13180 13182 13183 13186 13187 13188 13189 13190 13193 13194 13195 13714 13715 13737 13738 13742 13752 13766 13767 13771 13772 13773 13774 13781 13782 13783 13785 13786 13801 13811 13815 13818 13820 13821 13822 13829 13833 13844 13845 13858 13866 13868 13869 13870 13871 13875 13877 13912 13916 13918 13919 13920 13921 13923 13926 13927 13937 13966 13968 13970 13971 13972 13973 13976 14019 14020 14022 14024 14025 14026 14080 14081 14084 14137 14146 14193 14531 15292 15293 15301 15302 15303 15321 15327 15330 15337 15338 15339 15340 15350 15351 15363 15364 15374 15376 15377 15381 15391 15392 15393 15399 15411 15414 15415 15416 15418 15420 15421 15424 15427 15433 15435 15437 15446 15448 15449 15450 15452 15462 15463 15464 15465 15470 15473 15474 15478 15479 15480 15481 15482 15483 15484 15485 15486 15487 15488 15490 15492 15493 15496 15500 15501 15502 15503 15506 15510 15511 15515 15896 15910 15911 15919 15928 15931 15939 15948 15964 15965 15974 15980 15994 15995 16015 16016 16017 16019 16030 16033 16046 16059 16060 16062 16072 16088 16089 16090 16137 16172 16173 16174 16175 16204 16205 16285 16336 16354 16355 16362 16366 16378 16386 16393 16415 16416 16441 16442 16465 16470 16483 16484 16489 16515 16529 16530 16541 16542 16546 16554 16555 16559 16564 16565 16569 16574 16582 16590 16595 16596 16599 16601 16602 16605 16606 16607 16608 16609 16610 16613 16615 16616 16625 16626 16628 16646 16647 16656 16657 16658 16661 16670 16671 16672 16693 17541 17542 17543 17544 23250 23296 23298 23300 23302 23364 23376 23380 23381 23385 23386 23387 23388 23396 28555 28692 28693 28704 28705 28706 28711 28712 28713 28714 28715 28716 28720 28721 28722 28723 28724 28725 28726 28728 28729 28730 28731 28732 28733 28734 28735 28736 28737 }
}
mask_dynamic_mining={
	checksum="abb650f52647b25b3c8ff515a70cf33f"
	allowed_provinces={ 11214 11237 11238 11239 11252 11290 11291 15416 15442 15449 15457 15458 15948 15968 15971 15972 15974 15975 15980 17541 17543 23250 23296 23344 23364 23376 23380 23381 23385 23388 28555 }
}
mask_dynamic_forestry={
	checksum="b80403d6d1173faecf83e14db231820f"
	allowed_provinces={ 13752 13767 13771 13773 13774 13782 13783 13785 13786 13811 13818 13820 13821 13829 13844 13845 13858 13866 13868 13869 13870 13871 13875 13877 13912 13916 13918 13919 13920 13921 13923 13926 13927 13937 13966 13968 13970 13971 13972 13973 13976 14019 14020 14022 14024 14025 14026 14080 14081 14084 14137 14146 14193 14510 14522 14523 14531 17541 17543 23250 23296 23364 23375 23376 23380 23385 23386 23388 23396 28555 28693 28704 28711 28712 28715 28716 28721 28723 28724 28725 28726 28728 28729 28733 28734 28736 28737 }
}
